{
 "cells": [
  {
   "cell_type": "markdown",
   "id": "040d191d",
   "metadata": {},
   "source": [
    "# <span style=\"color:purple\">Basic_Session_8차시_통계분석 II</span>"
   ]
  },
  {
   "cell_type": "code",
   "execution_count": 1,
   "id": "e4b50c6a",
   "metadata": {},
   "outputs": [],
   "source": [
    "import pandas as pd\n",
    "import numpy as np\n",
    "#from scipy.stats import trim_mean\n",
    "#from statsmodels import robust\n",
    "import matplotlib.pyplot as plt\n",
    "import warnings\n",
    "warnings.filterwarnings('ignore')\n",
    "import scipy.stats as stats\n",
    "import seaborn as sns"
   ]
  },
  {
   "cell_type": "markdown",
   "id": "c17c37b5",
   "metadata": {},
   "source": [
    "# 상관분석"
   ]
  },
  {
   "cell_type": "markdown",
   "id": "f5553a4a",
   "metadata": {},
   "source": [
    "#### 상관관계 \n",
    "- 한 변수가 큰 값을 가질 때 다른 변수도 큰 값을 갖는가? (양의 상관관계) \n",
    "- 아니면 오히려 작은 값을 갖는가? (음의 상관관계) \n",
    "- 아니면 아무런 관계가 없는가? (상관관계 없음) \n",
    "\n",
    "#### 공분산 (Covariance)\n",
    "\n",
    "$$ cov(x,y)=\\frac{\\sum_i (x_i- \\bar x) (y_i - \\bar y )}{n-1} $$\n",
    "\n",
    "- 두 변수가 같은 방향으로 움직이는 정도를 측정\n",
    "- 측정단위에 영향을 받음 (kg vs g, km vs mile)\n",
    "\n",
    "#### Pearson 상관계수 (correlation coefficient)\n",
    "$$cor(x,y)= \\frac{cov(x,y)}{sd(x)sd(y)}$$\n",
    "- 표준편차로 나누어 주어 언제나 -1과 1 사이의 값을 가진다.\n",
    "\n",
    "\n"
   ]
  },
  {
   "cell_type": "markdown",
   "id": "d588ea76",
   "metadata": {},
   "source": [
    "## 1. 피어슨, 스피어만, 켄달 상관계수"
   ]
  },
  {
   "cell_type": "code",
   "execution_count": 2,
   "id": "e5a0d34f",
   "metadata": {},
   "outputs": [
    {
     "name": "stdout",
     "output_type": "stream",
     "text": [
      "(0.2085588078295432, 0.037312877511291365) \n",
      "\n",
      "SpearmanrResult(correlation=0.2147254725472547, pvalue=0.03192491965350525) \n",
      "\n",
      "KendalltauResult(correlation=0.14262626262626263, pvalue=0.035505085008817376)\n"
     ]
    }
   ],
   "source": [
    "# 데이터 생성\n",
    "x1 = np.random.random(100)\n",
    "x2 = np.random.random(100)\n",
    "\n",
    "# 피어슨 상관계수\n",
    "print(stats.pearsonr(x1,x2), '\\n')\n",
    "# 출력값에서 처음 나오는 값은 상관계수를 의미하고 두번째 값은 상관분석에 따른 pvalue를 의미함\n",
    "\n",
    "# 스피어만 상관계수\n",
    "print(stats.spearmanr(x1,x2), '\\n')\n",
    "# 출력값에서 처음 나오는 값은 상관계수를 의미하고 두번째 값은 상관분석에 따른 pvalue를 의미함\n",
    "\n",
    "# 켄달 상관계수\n",
    "print(stats.kendalltau(x1,x2))\n",
    "# 출력값에서 처음 나오는 값은 상관계수를 의미하고 두번째 값은 상관분석에 따른 pvalue를 의미함"
   ]
  },
  {
   "cell_type": "markdown",
   "id": "dd324f51",
   "metadata": {},
   "source": [
    "## 2. 보스턴 데이터 활용"
   ]
  },
  {
   "cell_type": "code",
   "execution_count": 3,
   "id": "81caaade",
   "metadata": {
    "scrolled": false
   },
   "outputs": [
    {
     "data": {
      "text/html": [
       "<div>\n",
       "<style scoped>\n",
       "    .dataframe tbody tr th:only-of-type {\n",
       "        vertical-align: middle;\n",
       "    }\n",
       "\n",
       "    .dataframe tbody tr th {\n",
       "        vertical-align: top;\n",
       "    }\n",
       "\n",
       "    .dataframe thead th {\n",
       "        text-align: right;\n",
       "    }\n",
       "</style>\n",
       "<table border=\"1\" class=\"dataframe\">\n",
       "  <thead>\n",
       "    <tr style=\"text-align: right;\">\n",
       "      <th></th>\n",
       "      <th>CMEDV</th>\n",
       "      <th>CRIM</th>\n",
       "      <th>ZN</th>\n",
       "      <th>INDUS</th>\n",
       "      <th>CHAS</th>\n",
       "      <th>NOX</th>\n",
       "      <th>RM</th>\n",
       "      <th>AGE</th>\n",
       "      <th>DIS</th>\n",
       "      <th>RAD</th>\n",
       "      <th>TAX</th>\n",
       "      <th>PTRATIO</th>\n",
       "      <th>B</th>\n",
       "      <th>LSTAT</th>\n",
       "    </tr>\n",
       "  </thead>\n",
       "  <tbody>\n",
       "    <tr>\n",
       "      <th>0</th>\n",
       "      <td>24.0</td>\n",
       "      <td>0.00632</td>\n",
       "      <td>18.0</td>\n",
       "      <td>2.31</td>\n",
       "      <td>0</td>\n",
       "      <td>0.538</td>\n",
       "      <td>6.575</td>\n",
       "      <td>65.2</td>\n",
       "      <td>4.0900</td>\n",
       "      <td>1</td>\n",
       "      <td>296</td>\n",
       "      <td>15.3</td>\n",
       "      <td>396.90</td>\n",
       "      <td>4.98</td>\n",
       "    </tr>\n",
       "    <tr>\n",
       "      <th>1</th>\n",
       "      <td>21.6</td>\n",
       "      <td>0.02731</td>\n",
       "      <td>0.0</td>\n",
       "      <td>7.07</td>\n",
       "      <td>0</td>\n",
       "      <td>0.469</td>\n",
       "      <td>6.421</td>\n",
       "      <td>78.9</td>\n",
       "      <td>4.9671</td>\n",
       "      <td>2</td>\n",
       "      <td>242</td>\n",
       "      <td>17.8</td>\n",
       "      <td>396.90</td>\n",
       "      <td>9.14</td>\n",
       "    </tr>\n",
       "    <tr>\n",
       "      <th>2</th>\n",
       "      <td>34.7</td>\n",
       "      <td>0.02729</td>\n",
       "      <td>0.0</td>\n",
       "      <td>7.07</td>\n",
       "      <td>0</td>\n",
       "      <td>0.469</td>\n",
       "      <td>7.185</td>\n",
       "      <td>61.1</td>\n",
       "      <td>4.9671</td>\n",
       "      <td>2</td>\n",
       "      <td>242</td>\n",
       "      <td>17.8</td>\n",
       "      <td>392.83</td>\n",
       "      <td>4.03</td>\n",
       "    </tr>\n",
       "    <tr>\n",
       "      <th>3</th>\n",
       "      <td>33.4</td>\n",
       "      <td>0.03237</td>\n",
       "      <td>0.0</td>\n",
       "      <td>2.18</td>\n",
       "      <td>0</td>\n",
       "      <td>0.458</td>\n",
       "      <td>6.998</td>\n",
       "      <td>45.8</td>\n",
       "      <td>6.0622</td>\n",
       "      <td>3</td>\n",
       "      <td>222</td>\n",
       "      <td>18.7</td>\n",
       "      <td>394.63</td>\n",
       "      <td>2.94</td>\n",
       "    </tr>\n",
       "    <tr>\n",
       "      <th>4</th>\n",
       "      <td>36.2</td>\n",
       "      <td>0.06905</td>\n",
       "      <td>0.0</td>\n",
       "      <td>2.18</td>\n",
       "      <td>0</td>\n",
       "      <td>0.458</td>\n",
       "      <td>7.147</td>\n",
       "      <td>54.2</td>\n",
       "      <td>6.0622</td>\n",
       "      <td>3</td>\n",
       "      <td>222</td>\n",
       "      <td>18.7</td>\n",
       "      <td>396.90</td>\n",
       "      <td>5.33</td>\n",
       "    </tr>\n",
       "  </tbody>\n",
       "</table>\n",
       "</div>"
      ],
      "text/plain": [
       "   CMEDV     CRIM    ZN  INDUS  CHAS    NOX     RM   AGE     DIS  RAD  TAX  \\\n",
       "0   24.0  0.00632  18.0   2.31     0  0.538  6.575  65.2  4.0900    1  296   \n",
       "1   21.6  0.02731   0.0   7.07     0  0.469  6.421  78.9  4.9671    2  242   \n",
       "2   34.7  0.02729   0.0   7.07     0  0.469  7.185  61.1  4.9671    2  242   \n",
       "3   33.4  0.03237   0.0   2.18     0  0.458  6.998  45.8  6.0622    3  222   \n",
       "4   36.2  0.06905   0.0   2.18     0  0.458  7.147  54.2  6.0622    3  222   \n",
       "\n",
       "   PTRATIO       B  LSTAT  \n",
       "0     15.3  396.90   4.98  \n",
       "1     17.8  396.90   9.14  \n",
       "2     17.8  392.83   4.03  \n",
       "3     18.7  394.63   2.94  \n",
       "4     18.7  396.90   5.33  "
      ]
     },
     "execution_count": 3,
     "metadata": {},
     "output_type": "execute_result"
    }
   ],
   "source": [
    "#주택 가격 데이터 활용한 지역의 평균 주택 가격 예측\n",
    "df= pd.read_csv('boston.csv')\n",
    "df.head()"
   ]
  },
  {
   "cell_type": "code",
   "execution_count": 4,
   "id": "3c67bea0",
   "metadata": {},
   "outputs": [
    {
     "name": "stdout",
     "output_type": "stream",
     "text": [
      "<class 'pandas.core.frame.DataFrame'>\n",
      "RangeIndex: 506 entries, 0 to 505\n",
      "Data columns (total 14 columns):\n",
      " #   Column   Non-Null Count  Dtype  \n",
      "---  ------   --------------  -----  \n",
      " 0   CMEDV    506 non-null    float64\n",
      " 1   CRIM     506 non-null    float64\n",
      " 2   ZN       506 non-null    float64\n",
      " 3   INDUS    506 non-null    float64\n",
      " 4   CHAS     506 non-null    int64  \n",
      " 5   NOX      506 non-null    float64\n",
      " 6   RM       506 non-null    float64\n",
      " 7   AGE      506 non-null    float64\n",
      " 8   DIS      506 non-null    float64\n",
      " 9   RAD      506 non-null    int64  \n",
      " 10  TAX      506 non-null    int64  \n",
      " 11  PTRATIO  506 non-null    float64\n",
      " 12  B        506 non-null    float64\n",
      " 13  LSTAT    506 non-null    float64\n",
      "dtypes: float64(11), int64(3)\n",
      "memory usage: 55.5 KB\n"
     ]
    }
   ],
   "source": [
    "df.info()"
   ]
  },
  {
   "cell_type": "markdown",
   "id": "4136b117",
   "metadata": {},
   "source": [
    "TOWN: 소속 도시 이름\n",
    "\n",
    "LON, LAT: 해당 지역의 경도(Longitudes) 위도(Latitudes) 정보\n",
    "\n",
    "CMEDV: 해당 지역의 주택 가격 (중앙값) (corrected median values of housing in USD 1000)\n",
    "\n",
    "CRIM: 지역 범죄율 (per capita crime)\n",
    "\n",
    "ZN: 소속 도시에 25,000 제곱 피트(sq.ft) 이상의 주택지 비율\n",
    "\n",
    "INDUS: 소속 도시에 상업적 비즈니스에 활용되지 않는 농지 면적\n",
    "\n",
    "CHAS: 해당 지역이 Charles 강과 접하고 있는지 여부 (dummy variable)\n",
    "\n",
    "NOX: 소속 도시의 산화질소 농도\n",
    "\n",
    "RM: 해당 지역의 자택당 평균 방 갯수\n",
    "\n",
    "AGE: 해당 지역에 1940년 이전에 건설된 주택의 비율\n",
    "\n",
    "DIS: 5개의 보스턴 고용 센터와의 거리에 따른 가중치 부여\n",
    "\n",
    "RAD: 소속 도시가 Radial 고속도로와의 접근성 지수\n",
    "\n",
    "TAX: 소속 도시의 10000달러당 재산세\n",
    "\n",
    "PTRATIO: 소속 도시의 학생-교사 비율\n",
    "\n",
    "B: 해당 지역의 흑인 지수 (1000(Bk - 0.63)^2), Bk는 흑인의 비율\n",
    "\n",
    "LSTAT: 해당 지역의 빈곤층 비율"
   ]
  },
  {
   "cell_type": "markdown",
   "id": "36340c9b",
   "metadata": {},
   "source": [
    "### 종속 변수: CMEDV"
   ]
  },
  {
   "cell_type": "code",
   "execution_count": 5,
   "id": "b504e26e",
   "metadata": {
    "scrolled": true
   },
   "outputs": [
    {
     "data": {
      "text/plain": [
       "0      24.0\n",
       "1      21.6\n",
       "2      34.7\n",
       "3      33.4\n",
       "4      36.2\n",
       "       ... \n",
       "501    22.4\n",
       "502    20.6\n",
       "503    23.9\n",
       "504    22.0\n",
       "505    19.0\n",
       "Name: CMEDV, Length: 506, dtype: float64"
      ]
     },
     "execution_count": 5,
     "metadata": {},
     "output_type": "execute_result"
    }
   ],
   "source": [
    "df['CMEDV']"
   ]
  },
  {
   "cell_type": "markdown",
   "id": "a58ed5f2",
   "metadata": {},
   "source": [
    "## 설명변수와 종속변수 간의 관계 탐색  \n",
    "\n",
    "### 변수 간의 상관계수 파악"
   ]
  },
  {
   "cell_type": "code",
   "execution_count": 6,
   "id": "e80cdec0",
   "metadata": {},
   "outputs": [
    {
     "data": {
      "text/html": [
       "<div>\n",
       "<style scoped>\n",
       "    .dataframe tbody tr th:only-of-type {\n",
       "        vertical-align: middle;\n",
       "    }\n",
       "\n",
       "    .dataframe tbody tr th {\n",
       "        vertical-align: top;\n",
       "    }\n",
       "\n",
       "    .dataframe thead th {\n",
       "        text-align: right;\n",
       "    }\n",
       "</style>\n",
       "<table border=\"1\" class=\"dataframe\">\n",
       "  <thead>\n",
       "    <tr style=\"text-align: right;\">\n",
       "      <th></th>\n",
       "      <th>CMEDV</th>\n",
       "      <th>CRIM</th>\n",
       "      <th>ZN</th>\n",
       "      <th>INDUS</th>\n",
       "      <th>CHAS</th>\n",
       "      <th>NOX</th>\n",
       "      <th>RM</th>\n",
       "      <th>AGE</th>\n",
       "      <th>DIS</th>\n",
       "      <th>RAD</th>\n",
       "      <th>TAX</th>\n",
       "      <th>PTRATIO</th>\n",
       "      <th>B</th>\n",
       "      <th>LSTAT</th>\n",
       "    </tr>\n",
       "  </thead>\n",
       "  <tbody>\n",
       "    <tr>\n",
       "      <th>CMEDV</th>\n",
       "      <td>1.000000</td>\n",
       "      <td>-0.389582</td>\n",
       "      <td>0.360386</td>\n",
       "      <td>-0.484754</td>\n",
       "      <td>0.175663</td>\n",
       "      <td>-0.429302</td>\n",
       "      <td>0.696304</td>\n",
       "      <td>-0.377999</td>\n",
       "      <td>0.249315</td>\n",
       "      <td>-0.384766</td>\n",
       "      <td>-0.471979</td>\n",
       "      <td>-0.505655</td>\n",
       "      <td>0.334861</td>\n",
       "      <td>-0.740836</td>\n",
       "    </tr>\n",
       "    <tr>\n",
       "      <th>CRIM</th>\n",
       "      <td>-0.389582</td>\n",
       "      <td>1.000000</td>\n",
       "      <td>-0.200469</td>\n",
       "      <td>0.406583</td>\n",
       "      <td>-0.055892</td>\n",
       "      <td>0.420971</td>\n",
       "      <td>-0.219247</td>\n",
       "      <td>0.352734</td>\n",
       "      <td>-0.379670</td>\n",
       "      <td>0.625505</td>\n",
       "      <td>0.582764</td>\n",
       "      <td>0.289946</td>\n",
       "      <td>-0.385064</td>\n",
       "      <td>0.455621</td>\n",
       "    </tr>\n",
       "    <tr>\n",
       "      <th>ZN</th>\n",
       "      <td>0.360386</td>\n",
       "      <td>-0.200469</td>\n",
       "      <td>1.000000</td>\n",
       "      <td>-0.533828</td>\n",
       "      <td>-0.042697</td>\n",
       "      <td>-0.516612</td>\n",
       "      <td>0.311991</td>\n",
       "      <td>-0.569537</td>\n",
       "      <td>0.664408</td>\n",
       "      <td>-0.311948</td>\n",
       "      <td>-0.314563</td>\n",
       "      <td>-0.391679</td>\n",
       "      <td>0.175520</td>\n",
       "      <td>-0.412995</td>\n",
       "    </tr>\n",
       "    <tr>\n",
       "      <th>INDUS</th>\n",
       "      <td>-0.484754</td>\n",
       "      <td>0.406583</td>\n",
       "      <td>-0.533828</td>\n",
       "      <td>1.000000</td>\n",
       "      <td>0.062938</td>\n",
       "      <td>0.763651</td>\n",
       "      <td>-0.391676</td>\n",
       "      <td>0.644779</td>\n",
       "      <td>-0.708027</td>\n",
       "      <td>0.595129</td>\n",
       "      <td>0.720760</td>\n",
       "      <td>0.383248</td>\n",
       "      <td>-0.356977</td>\n",
       "      <td>0.603800</td>\n",
       "    </tr>\n",
       "    <tr>\n",
       "      <th>CHAS</th>\n",
       "      <td>0.175663</td>\n",
       "      <td>-0.055892</td>\n",
       "      <td>-0.042697</td>\n",
       "      <td>0.062938</td>\n",
       "      <td>1.000000</td>\n",
       "      <td>0.091208</td>\n",
       "      <td>0.091251</td>\n",
       "      <td>0.086518</td>\n",
       "      <td>-0.099176</td>\n",
       "      <td>-0.007368</td>\n",
       "      <td>-0.035587</td>\n",
       "      <td>-0.121515</td>\n",
       "      <td>0.048788</td>\n",
       "      <td>-0.053929</td>\n",
       "    </tr>\n",
       "    <tr>\n",
       "      <th>NOX</th>\n",
       "      <td>-0.429302</td>\n",
       "      <td>0.420971</td>\n",
       "      <td>-0.516612</td>\n",
       "      <td>0.763651</td>\n",
       "      <td>0.091208</td>\n",
       "      <td>1.000000</td>\n",
       "      <td>-0.302191</td>\n",
       "      <td>0.731467</td>\n",
       "      <td>-0.769232</td>\n",
       "      <td>0.611439</td>\n",
       "      <td>0.668022</td>\n",
       "      <td>0.188926</td>\n",
       "      <td>-0.380051</td>\n",
       "      <td>0.590877</td>\n",
       "    </tr>\n",
       "    <tr>\n",
       "      <th>RM</th>\n",
       "      <td>0.696304</td>\n",
       "      <td>-0.219247</td>\n",
       "      <td>0.311991</td>\n",
       "      <td>-0.391676</td>\n",
       "      <td>0.091251</td>\n",
       "      <td>-0.302191</td>\n",
       "      <td>1.000000</td>\n",
       "      <td>-0.240265</td>\n",
       "      <td>0.205246</td>\n",
       "      <td>-0.209847</td>\n",
       "      <td>-0.292048</td>\n",
       "      <td>-0.355501</td>\n",
       "      <td>0.128069</td>\n",
       "      <td>-0.613808</td>\n",
       "    </tr>\n",
       "    <tr>\n",
       "      <th>AGE</th>\n",
       "      <td>-0.377999</td>\n",
       "      <td>0.352734</td>\n",
       "      <td>-0.569537</td>\n",
       "      <td>0.644779</td>\n",
       "      <td>0.086518</td>\n",
       "      <td>0.731467</td>\n",
       "      <td>-0.240265</td>\n",
       "      <td>1.000000</td>\n",
       "      <td>-0.747881</td>\n",
       "      <td>0.456022</td>\n",
       "      <td>0.506456</td>\n",
       "      <td>0.261515</td>\n",
       "      <td>-0.273534</td>\n",
       "      <td>0.602339</td>\n",
       "    </tr>\n",
       "    <tr>\n",
       "      <th>DIS</th>\n",
       "      <td>0.249315</td>\n",
       "      <td>-0.379670</td>\n",
       "      <td>0.664408</td>\n",
       "      <td>-0.708027</td>\n",
       "      <td>-0.099176</td>\n",
       "      <td>-0.769232</td>\n",
       "      <td>0.205246</td>\n",
       "      <td>-0.747881</td>\n",
       "      <td>1.000000</td>\n",
       "      <td>-0.494588</td>\n",
       "      <td>-0.534432</td>\n",
       "      <td>-0.232471</td>\n",
       "      <td>0.291512</td>\n",
       "      <td>-0.496996</td>\n",
       "    </tr>\n",
       "    <tr>\n",
       "      <th>RAD</th>\n",
       "      <td>-0.384766</td>\n",
       "      <td>0.625505</td>\n",
       "      <td>-0.311948</td>\n",
       "      <td>0.595129</td>\n",
       "      <td>-0.007368</td>\n",
       "      <td>0.611439</td>\n",
       "      <td>-0.209847</td>\n",
       "      <td>0.456022</td>\n",
       "      <td>-0.494588</td>\n",
       "      <td>1.000000</td>\n",
       "      <td>0.910228</td>\n",
       "      <td>0.464741</td>\n",
       "      <td>-0.444413</td>\n",
       "      <td>0.488676</td>\n",
       "    </tr>\n",
       "    <tr>\n",
       "      <th>TAX</th>\n",
       "      <td>-0.471979</td>\n",
       "      <td>0.582764</td>\n",
       "      <td>-0.314563</td>\n",
       "      <td>0.720760</td>\n",
       "      <td>-0.035587</td>\n",
       "      <td>0.668022</td>\n",
       "      <td>-0.292048</td>\n",
       "      <td>0.506456</td>\n",
       "      <td>-0.534432</td>\n",
       "      <td>0.910228</td>\n",
       "      <td>1.000000</td>\n",
       "      <td>0.460853</td>\n",
       "      <td>-0.441808</td>\n",
       "      <td>0.543993</td>\n",
       "    </tr>\n",
       "    <tr>\n",
       "      <th>PTRATIO</th>\n",
       "      <td>-0.505655</td>\n",
       "      <td>0.289946</td>\n",
       "      <td>-0.391679</td>\n",
       "      <td>0.383248</td>\n",
       "      <td>-0.121515</td>\n",
       "      <td>0.188926</td>\n",
       "      <td>-0.355501</td>\n",
       "      <td>0.261515</td>\n",
       "      <td>-0.232471</td>\n",
       "      <td>0.464741</td>\n",
       "      <td>0.460853</td>\n",
       "      <td>1.000000</td>\n",
       "      <td>-0.177383</td>\n",
       "      <td>0.374044</td>\n",
       "    </tr>\n",
       "    <tr>\n",
       "      <th>B</th>\n",
       "      <td>0.334861</td>\n",
       "      <td>-0.385064</td>\n",
       "      <td>0.175520</td>\n",
       "      <td>-0.356977</td>\n",
       "      <td>0.048788</td>\n",
       "      <td>-0.380051</td>\n",
       "      <td>0.128069</td>\n",
       "      <td>-0.273534</td>\n",
       "      <td>0.291512</td>\n",
       "      <td>-0.444413</td>\n",
       "      <td>-0.441808</td>\n",
       "      <td>-0.177383</td>\n",
       "      <td>1.000000</td>\n",
       "      <td>-0.366087</td>\n",
       "    </tr>\n",
       "    <tr>\n",
       "      <th>LSTAT</th>\n",
       "      <td>-0.740836</td>\n",
       "      <td>0.455621</td>\n",
       "      <td>-0.412995</td>\n",
       "      <td>0.603800</td>\n",
       "      <td>-0.053929</td>\n",
       "      <td>0.590877</td>\n",
       "      <td>-0.613808</td>\n",
       "      <td>0.602339</td>\n",
       "      <td>-0.496996</td>\n",
       "      <td>0.488676</td>\n",
       "      <td>0.543993</td>\n",
       "      <td>0.374044</td>\n",
       "      <td>-0.366087</td>\n",
       "      <td>1.000000</td>\n",
       "    </tr>\n",
       "  </tbody>\n",
       "</table>\n",
       "</div>"
      ],
      "text/plain": [
       "            CMEDV      CRIM        ZN     INDUS      CHAS       NOX        RM  \\\n",
       "CMEDV    1.000000 -0.389582  0.360386 -0.484754  0.175663 -0.429302  0.696304   \n",
       "CRIM    -0.389582  1.000000 -0.200469  0.406583 -0.055892  0.420971 -0.219247   \n",
       "ZN       0.360386 -0.200469  1.000000 -0.533828 -0.042697 -0.516612  0.311991   \n",
       "INDUS   -0.484754  0.406583 -0.533828  1.000000  0.062938  0.763651 -0.391676   \n",
       "CHAS     0.175663 -0.055892 -0.042697  0.062938  1.000000  0.091208  0.091251   \n",
       "NOX     -0.429302  0.420971 -0.516612  0.763651  0.091208  1.000000 -0.302191   \n",
       "RM       0.696304 -0.219247  0.311991 -0.391676  0.091251 -0.302191  1.000000   \n",
       "AGE     -0.377999  0.352734 -0.569537  0.644779  0.086518  0.731467 -0.240265   \n",
       "DIS      0.249315 -0.379670  0.664408 -0.708027 -0.099176 -0.769232  0.205246   \n",
       "RAD     -0.384766  0.625505 -0.311948  0.595129 -0.007368  0.611439 -0.209847   \n",
       "TAX     -0.471979  0.582764 -0.314563  0.720760 -0.035587  0.668022 -0.292048   \n",
       "PTRATIO -0.505655  0.289946 -0.391679  0.383248 -0.121515  0.188926 -0.355501   \n",
       "B        0.334861 -0.385064  0.175520 -0.356977  0.048788 -0.380051  0.128069   \n",
       "LSTAT   -0.740836  0.455621 -0.412995  0.603800 -0.053929  0.590877 -0.613808   \n",
       "\n",
       "              AGE       DIS       RAD       TAX   PTRATIO         B     LSTAT  \n",
       "CMEDV   -0.377999  0.249315 -0.384766 -0.471979 -0.505655  0.334861 -0.740836  \n",
       "CRIM     0.352734 -0.379670  0.625505  0.582764  0.289946 -0.385064  0.455621  \n",
       "ZN      -0.569537  0.664408 -0.311948 -0.314563 -0.391679  0.175520 -0.412995  \n",
       "INDUS    0.644779 -0.708027  0.595129  0.720760  0.383248 -0.356977  0.603800  \n",
       "CHAS     0.086518 -0.099176 -0.007368 -0.035587 -0.121515  0.048788 -0.053929  \n",
       "NOX      0.731467 -0.769232  0.611439  0.668022  0.188926 -0.380051  0.590877  \n",
       "RM      -0.240265  0.205246 -0.209847 -0.292048 -0.355501  0.128069 -0.613808  \n",
       "AGE      1.000000 -0.747881  0.456022  0.506456  0.261515 -0.273534  0.602339  \n",
       "DIS     -0.747881  1.000000 -0.494588 -0.534432 -0.232471  0.291512 -0.496996  \n",
       "RAD      0.456022 -0.494588  1.000000  0.910228  0.464741 -0.444413  0.488676  \n",
       "TAX      0.506456 -0.534432  0.910228  1.000000  0.460853 -0.441808  0.543993  \n",
       "PTRATIO  0.261515 -0.232471  0.464741  0.460853  1.000000 -0.177383  0.374044  \n",
       "B       -0.273534  0.291512 -0.444413 -0.441808 -0.177383  1.000000 -0.366087  \n",
       "LSTAT    0.602339 -0.496996  0.488676  0.543993  0.374044 -0.366087  1.000000  "
      ]
     },
     "execution_count": 6,
     "metadata": {},
     "output_type": "execute_result"
    }
   ],
   "source": [
    "# Person 상관계수\n",
    "cols = ['CMEDV', 'CRIM', 'ZN', 'INDUS', 'CHAS', 'NOX', 'RM', 'AGE', 'DIS', 'RAD', 'TAX', 'PTRATIO', 'B', 'LSTAT']\n",
    "\n",
    "corr = df[df.columns].corr(method = 'pearson')\n",
    "corr"
   ]
  },
  {
   "cell_type": "code",
   "execution_count": 7,
   "id": "a4bd715a",
   "metadata": {},
   "outputs": [
    {
     "name": "stdout",
     "output_type": "stream",
     "text": [
      "(-0.3895824406644484, 8.711542149482747e-20) \n",
      "\n"
     ]
    }
   ],
   "source": [
    "print(stats.pearsonr(df['CMEDV'],df['CRIM']), '\\n')"
   ]
  },
  {
   "cell_type": "code",
   "execution_count": 8,
   "id": "7b68d8be",
   "metadata": {
    "scrolled": false
   },
   "outputs": [
    {
     "data": {
